NAME	= Topographic Position Index
DESCRIPTION	= 
UNIT	= 
DATAFORMAT	= FLOAT
DATAFILE_OFFSET	= 0
BYTEORDER_BIG	= FALSE
TOPTOBOTTOM	= FALSE
POSITION_XMIN	= 445005.0000000000
POSITION_YMIN	= 6238005.0000000000
CELLCOUNT_X	= 300
CELLCOUNT_Y	= 300
CELLSIZE	= 10.0000000000
Z_FACTOR	= 1.000000
Z_OFFSET	= 0.000000
NODATA_VALUE	= -99999.000000
